9, 5.2
94, 7.3
298, 4.4
378, 4.5
589, 5.2
634, 5.2
790, 4.4
940, 6.6
1016, 5.1
1129, 5.2
1212, 4.8
1343, 5.1
1416, 5.2
1441, 4.6
1664, 5.4
1949, 5.2
2176, 5.3
2325, 11.0
2408, 5.1
2648, 5.9
3099, 4.4
3133, 4.2
3280, 4.5
3329, 4.4
3494, 4.2
3597, 5.2
3858, 5.1
4128, 4.2
4426, 4.8
4544, 5.1
4800, 4.8
4933, 4.2
5053, 7.3
5119, 4.3
5121, 4.5
5179, 4.7
5184, 5.8
5580, 4.4
5751, 4.6
5810, 4.2
5946, 4.2
5960, 6.9
6027, 5.2
6391, 4.2
6492, 4.6
6554, 4.5
6703, 7.3
6780, 5.2
6825, 4.4
6843, 5.3
7050, 5.3
7151, 7.0
7185, 5.2
7264, 5.2
7439, 5.1
7527, 5.2
7735, 4.2
7736, 5.2
7794, 4.4
7978, 6.6
8038, 5.0
8048, 5.1
8546, 4.2
8642, 5.1
8772, 4.9
9041, 4.9
9066, 5.2
9283, 5.2
9297, 5.2
9304, 5.4
9383, 7.1
9520, 4.5
9674, 5.2
9747, 5.2
9816, 5.0
9837, 8.7
9932, 4.7
10039, 5.1
10083, 5.0
10231, 9.2
10310, 5.1
10342, 4.2
10390, 4.5
10447, 4.4
10479, 4.9
10484, 5.1
10639, 6.0
10777, 7.3
10807, 6.7
10828, 5.0
10831, 4.2
10954, 5.2
11016, 4.4
11023, 4.3
11039, 5.3
11041, 11.2
11241, 5.2
11263, 6.6
11270, 8.9
11316, 4.9
11547, 5.1
11829, 5.2
11907, 4.2
11908, 7.3
11982, 5.0
11992, 5.1
12097, 4.2
12246, 5.3
12433, 7.3
12487, 4.2
12507, 6.4
12615, 5.1
12673, 8.8
12726, 4.2
12865, 4.9
13016, 5.7
13077, 5.5
13165, 7.3
13299, 4.8
13400, 4.5
13669, 5.2
13809, 5.1
13972, 5.1
14035, 7.2
14039, 4.7
14064, 7.3
14065, 7.3
14439, 5.2
14665, 7.6
14668, 4.2
14683, 5.4
14830, 4.5
14955, 4.8
14957, 5.2
15154, 5.3
15165, 5.2
15208, 5.9
15230, 4.5
15246, 4.9
15459, 4.2
15685, 5.2
15796, 7.6
15818, 5.3
15830, 6.0
16018, 4.4
16175, 4.9
16198, 5.2
16313, 6.0
16347, 5.5
16415, 5.1
16452, 5.3
16454, 4.3
16539, 4.7
16546, 6.9
16613, 6.5
16628, 5.3
16946, 5.1
16994, 6.6
17045, 7.3
17134, 4.6
17182, 4.5
17318, 7.3
17325, 6.6
17350, 4.2
17412, 4.2
17447, 4.5
17520, 5.2
17572, 5.9
17575, 6.5
17682, 4.3
17709, 6.4
17736, 5.2
17758, 5.2
17831, 4.8
17836, 5.1
17895, 4.2
17910, 5.1
17937, 4.9
17964, 4.3
18268, 4.5
18273, 5.1
18462, 6.2
18522, 4.4
18603, 5.1
18662, 4.5
18832, 4.9
18899, 4.9
18936, 5.2
19392, 4.2
19429, 4.4
19516, 4.5
19587, 5.8
19679, 7.0
19778, 5.2
19924, 7.3
20028, 4.3
20091, 6.4
20155, 4.2
20189, 4.3
20213, 4.4
20217, 5.1
20243, 4.5
20257, 6.7
20266, 4.5
20323, 5.1
20354, 5.1
20399, 4.9
20548, 5.2
20809, 5.1
20818, 7.3
20878, 4.4
20915, 6.6
21032, 6.0
21049, 4.5
21055, 4.4
21187, 5.0
21321, 6.0
21445, 5.2
21535, 4.2
21597, 5.1
21604, 6.9
21734, 4.9
21835, 7.3
22089, 4.2
22182, 5.1
22189, 5.1
22237, 6.2
22274, 5.1
22301, 5.1
22340, 5.2
22361, 5.2
22363, 5.2
22453, 4.9
22523, 4.3
22580, 6.9
22652, 4.2
22708, 4.2
22812, 4.4
22904, 5.0
23001, 5.2
23034, 5.0
23212, 6.0
23215, 8.9
23239, 5.2
23297, 7.3
23315, 4.4
23325, 9.4
23373, 5.2
23460, 5.3
23543, 6.0
23552, 5.2
23636, 4.9
23650, 4.4
23656, 4.7
23660, 4.8
23755, 5.1
24048, 5.3
24059, 4.4
24099, 5.4
24132, 6.8
24155, 7.3
24412, 4.5
24687, 7.0
24715, 6.8
24865, 7.9
25180, 4.5
25228, 5.1
25348, 4.2
25537, 7.1
25611, 4.3
25661, 7.0
25918, 4.2
26108, 4.5
26183, 7.5
26272, 5.2
26324, 5.7
26797, 6.3
26813, 6.8
26865, 4.3
26947, 4.2
27021, 6.4
27122, 4.5
27123, 5.0
27167, 4.8
27207, 7.0
27287, 4.2
27310, 5.3
27390, 5.1
27432, 5.2
27468, 4.2
27746, 7.3
27947, 5.2
28024, 5.1
28113, 6.3
28248, 4.8
28347, 5.0
28401, 4.6
28414, 5.2
28444, 5.1
28579, 4.5
28605, 4.5
28663, 4.4
28781, 5.1
28874, 5.2
28890, 5.2
28961, 4.8
28968, 6.8
29048, 5.0
29282, 5.1
29312, 4.4
29325, 4.5
29491, 5.2
29591, 4.3
29597, 4.5
29652, 4.6
29793, 6.7
29887, 4.9
29931, 4.9
30082, 5.0
30095, 4.9
30157, 4.5
30221, 6.8
30306, 5.9
30471, 7.3
30555, 4.5
30557, 4.5
30688, 5.0
30691, 5.4
30801, 4.8
30933, 7.3
31059, 4.8
31230, 4.4
31268, 6.3
31330, 5.6
31424, 4.2
31564, 4.2
31792, 5.1
31796, 6.4
31901, 5.2
32072, 4.9
32092, 5.2
32111, 4.4
32166, 6.7
32235, 5.5
32576, 4.5
32605, 4.5
32667, 5.1
32684, 6.6
32765, 4.9
32774, 5.2
32821, 5.0
32950, 5.1
33024, 4.3
33108, 4.2
33149, 8.9
33180, 5.2
33200, 5.1
33215, 4.8
33290, 8.9
33425, 8.7
33448, 4.8
33515, 4.4
33580, 7.3
33687, 6.4
33746, 5.7
33831, 6.7
33907, 4.4
33944, 4.3
33999, 4.9
34002, 4.9
34122, 11.1
34286, 4.9
34321, 5.1
34372, 5.1
34585, 4.8
34669, 4.9
34709, 7.3
34872, 8.6
34947, 5.2
34984, 5.1
35040, 5.0
35109, 5.1
35144, 4.4
35154, 4.4
35157, 5.1
35200, 5.3
35221, 5.2
35227, 5.2
35229, 6.2
35238, 4.4
35335, 4.6
35421, 7.3
35484, 4.7
35496, 4.2
35963, 5.1
35975, 5.7
35979, 5.2
36016, 4.4
36087, 4.8
36135, 4.4
36143, 7.3
36152, 7.3
36167, 4.8
36222, 4.5
36340, 5.2
36376, 5.2
36461, 6.9
36472, 5.2
36558, 4.2
36601, 5.0
36614, 7.3
36676, 4.9
36714, 5.0
36725, 5.1
36754, 4.2
37061, 5.2
37188, 5.4
37412, 4.9
37484, 7.3
37572, 7.3
37608, 7.2
37728, 7.0
37751, 5.5
37931, 4.3
38010, 7.0
38016, 5.1
38036, 5.2
38062, 5.2
38065, 5.9
38151, 9.3
38152, 7.0
38243, 7.0
38382, 4.9
38392, 4.2
38393, 5.1
38397, 4.3
38484, 5.4
38498, 6.5
38533, 5.1
38575, 4.8
38605, 4.8
38760, 7.1
39093, 4.8
39119, 4.2
39145, 4.9
39213, 4.4
39366, 5.1
39534, 6.4
39998, 5.1
40072, 5.2
40223, 10.2
40261, 4.8
40370, 5.8
40461, 5.1
40616, 5.2
40802, 4.8
40847, 4.9
40971, 7.3
41072, 4.5
41277, 4.8
41339, 4.2
41414, 4.5
41416, 4.5
41419, 4.5
41487, 5.1
41533, 6.2
41568, 4.3
41588, 4.3
41630, 6.0
41634, 4.5
41658, 6.6
41841, 6.2
41888, 7.3
41940, 5.2
42021, 4.5
42127, 4.2
42154, 5.1
42203, 4.4
42250, 4.9
42257, 5.2
42313, 7.0
42444, 4.7
42469, 4.4
42473, 5.0
42497, 5.8
42529, 4.9
42545, 4.4
42592, 5.2
42730, 5.2
42867, 4.4
43177, 5.1
43349, 5.9
43413, 7.0
43422, 4.3
43461, 5.2
43521, 5.1
43642, 5.1
44170, 5.9
44280, 4.2
44309, 5.1
44351, 5.2
44596, 4.3
44752, 5.2
44943, 4.6
44945, 4.5
45004, 5.2
45057, 4.4
45161, 5.1
45207, 5.1
45229, 5.2
45596, 4.8
45614, 7.1
45862, 4.4
45884, 5.1
46172, 5.0
46203, 4.9
46488, 4.9
46661, 5.2
46787, 6.0
46809, 4.2
46986, 5.1
46989, 7.2
47031, 4.9
47049, 6.4
47063, 4.9
47079, 4.9
47256, 5.2
47298, 5.2
47360, 7.3
47390, 5.2
47472, 5.2
47527, 4.4
47639, 5.2
47996, 14.3
48065, 4.9
48112, 11.0
48445, 4.6
48451, 6.7
48479, 4.4
48504, 6.6
48506, 5.1
48574, 8.5
48575, 9.2
48577, 9.2
48772, 5.0
48809, 9.2
48888, 4.2
48954, 5.0
48995, 6.3
49008, 5.1
49195, 4.2
49212, 12.4
49228, 4.3
49241, 8.4
49270, 5.0
49366, 7.3
49406, 4.2
49413, 9.4
49575, 5.1
49587, 4.4
49629, 5.9
49636, 5.2
49650, 5.6
49680, 4.5
49900, 7.3
49934, 4.8
49975, 4.2
49977, 5.0
50016, 6.1
50027, 5.2
50060, 5.2
50078, 5.5
50163, 4.9
50195, 6.9
50219, 4.2
50224, 6.8
50226, 6.5
50229, 6.5
50306, 6.3
50328, 7.0
50374, 4.9
50411, 8.9
50412, 4.2
50431, 5.2
50478, 4.8
50593, 5.2
50606, 5.9
50614, 5.1
50657, 6.8
50678, 5.2
50708, 4.8
50819, 7.0
50859, 4.8
50866, 6.9
50910, 5.0
51099, 4.7
51227, 7.3
51271, 4.2
51288, 4.9
51511, 7.2
51513, 5.0
51660, 4.2
51718, 7.3
51876, 5.1
51941, 5.2
52313, 7.3
52335, 4.8
52336, 8.5
52606, 5.2
52626, 4.5
52901, 4.9
52983, 4.9
53129, 4.2
53148, 5.1
53156, 4.2
53273, 4.2
53282, 5.7
53329, 4.1
53331, 5.9
53355, 4.3
53374, 5.0
53481, 7.3
53856, 5.1
53952, 5.2
53956, 6.2
54014, 7.3
54038, 4.9
54050, 5.1
54085, 6.9
54155, 7.3
54174, 5.2
54313, 4.7
54394, 4.9
54555, 9.0
55032, 5.5
55054, 5.9
55262, 4.5
55292, 4.5
55415, 5.0
55417, 4.5
55481, 4.4
56073, 4.8
56607, 5.2
56832, 5.2
56897, 4.2
